 20
Bangime    0.00 0.96 0.96 0.96 0.96 0.96 0.96 0.96 0.96 0.97 0.96 0.97 0.95 0.96 0.96 0.97 0.97 0.97 0.98 0.96
Bankan_Tey 0.96 0.00 0.28 0.79 0.73 0.70 0.61 0.62 0.77 0.72 0.40 0.76 0.54 0.55 0.72 0.67 0.67 0.64 0.67 0.63
Ben_Tey    0.96 0.28 0.00 0.81 0.73 0.68 0.56 0.57 0.77 0.73 0.37 0.80 0.46 0.56 0.73 0.64 0.65 0.64 0.68 0.62
Bunoge     0.96 0.79 0.81 0.00 0.73 0.77 0.81 0.84 0.60 0.73 0.78 0.58 0.81 0.78 0.65 0.83 0.79 0.86 0.77 0.82
Dogul_Dom  0.96 0.73 0.73 0.73 0.00 0.52 0.74 0.76 0.67 0.65 0.69 0.72 0.72 0.65 0.63 0.69 0.65 0.79 0.64 0.69
Donno_So   0.96 0.70 0.68 0.77 0.52 0.00 0.61 0.60 0.74 0.73 0.67 0.78 0.55 0.59 0.71 0.54 0.43 0.66 0.67 0.46
Gourou     0.96 0.61 0.56 0.81 0.74 0.61 0.00 0.17 0.81 0.77 0.60 0.80 0.33 0.59 0.74 0.41 0.61 0.52 0.70 0.51
Jamsay_Doue 0.96 0.62 0.57 0.84 0.76 0.60 0.17 0.00 0.82 0.76 0.63 0.84 0.33 0.57 0.76 0.42 0.59 0.54 0.71 0.51
Mombo      0.96 0.77 0.77 0.60 0.67 0.74 0.81 0.82 0.00 0.71 0.74 0.42 0.79 0.71 0.57 0.80 0.74 0.83 0.73 0.79
Najamba    0.97 0.72 0.73 0.73 0.65 0.73 0.77 0.76 0.71 0.00 0.68 0.74 0.72 0.62 0.62 0.78 0.71 0.79 0.62 0.74
Nanga      0.96 0.40 0.37 0.78 0.69 0.67 0.60 0.63 0.74 0.68 0.00 0.77 0.51 0.54 0.69 0.65 0.67 0.63 0.62 0.63
Penange    0.97 0.76 0.80 0.58 0.72 0.78 0.80 0.84 0.42 0.74 0.77 0.00 0.81 0.75 0.62 0.82 0.78 0.85 0.74 0.80
Perge_Tegu 0.95 0.54 0.46 0.81 0.72 0.55 0.33 0.33 0.79 0.72 0.51 0.81 0.00 0.52 0.72 0.45 0.58 0.51 0.65 0.45
Tebul_Ure  0.96 0.55 0.56 0.78 0.65 0.59 0.59 0.57 0.71 0.62 0.54 0.75 0.52 0.00 0.67 0.63 0.59 0.69 0.51 0.55
Tiranige   0.96 0.72 0.73 0.65 0.63 0.71 0.74 0.76 0.57 0.62 0.69 0.62 0.72 0.67 0.00 0.77 0.69 0.77 0.65 0.72
Togo_Kan   0.97 0.67 0.64 0.83 0.69 0.54 0.41 0.42 0.80 0.78 0.65 0.82 0.45 0.63 0.77 0.00 0.59 0.65 0.70 0.48
Tommo_So   0.97 0.67 0.65 0.79 0.65 0.43 0.61 0.59 0.74 0.71 0.67 0.78 0.58 0.59 0.69 0.59 0.00 0.64 0.64 0.46
Toro_Tegu  0.97 0.64 0.64 0.86 0.79 0.66 0.52 0.54 0.83 0.79 0.63 0.85 0.51 0.69 0.77 0.65 0.64 0.00 0.77 0.63
Yanda_Dom  0.98 0.67 0.68 0.77 0.64 0.67 0.70 0.71 0.73 0.62 0.62 0.74 0.65 0.51 0.65 0.70 0.64 0.77 0.00 0.64
Yorno_So   0.96 0.63 0.62 0.82 0.69 0.46 0.51 0.51 0.79 0.74 0.63 0.80 0.45 0.55 0.72 0.48 0.46 0.63 0.64 0.00
