 20
Bangime    0.00 0.97 0.96 0.97 0.97 0.96 0.97 0.96 0.97 0.98 0.96 0.98 0.96 0.97 0.97 0.97 0.98 0.98 0.98 0.96
Bankan_Tey 0.97 0.00 0.26 0.81 0.74 0.74 0.62 0.62 0.79 0.71 0.36 0.78 0.57 0.56 0.75 0.71 0.73 0.65 0.66 0.67
Ben_Tey    0.96 0.26 0.00 0.82 0.71 0.70 0.54 0.57 0.78 0.72 0.31 0.81 0.47 0.54 0.74 0.66 0.70 0.63 0.65 0.64
Bunoge     0.97 0.81 0.82 0.00 0.74 0.77 0.84 0.84 0.57 0.72 0.80 0.55 0.82 0.77 0.66 0.83 0.80 0.86 0.77 0.83
Dogul_Dom  0.97 0.74 0.71 0.74 0.00 0.54 0.74 0.77 0.69 0.62 0.69 0.71 0.72 0.65 0.65 0.71 0.64 0.79 0.59 0.68
Donno_So   0.96 0.74 0.70 0.77 0.54 0.00 0.62 0.60 0.76 0.73 0.68 0.79 0.57 0.60 0.74 0.55 0.38 0.67 0.66 0.43
Gourou     0.97 0.62 0.54 0.84 0.74 0.62 0.00 0.14 0.83 0.79 0.58 0.82 0.33 0.58 0.77 0.42 0.64 0.51 0.69 0.52
Jamsay_Doue 0.96 0.62 0.57 0.84 0.77 0.60 0.14 0.00 0.82 0.76 0.61 0.83 0.30 0.55 0.76 0.42 0.62 0.54 0.69 0.50
Mombo      0.97 0.79 0.78 0.57 0.69 0.76 0.83 0.82 0.00 0.67 0.75 0.38 0.79 0.72 0.60 0.79 0.75 0.85 0.73 0.79
Najamba    0.98 0.71 0.72 0.72 0.62 0.73 0.79 0.76 0.67 0.00 0.66 0.71 0.71 0.57 0.60 0.76 0.70 0.79 0.51 0.73
Nanga      0.96 0.36 0.31 0.80 0.69 0.68 0.58 0.61 0.75 0.66 0.00 0.77 0.48 0.51 0.72 0.65 0.70 0.61 0.59 0.62
Penange    0.98 0.78 0.81 0.55 0.71 0.79 0.82 0.83 0.38 0.71 0.77 0.00 0.82 0.76 0.63 0.82 0.78 0.86 0.75 0.80
Perge_Tegu 0.96 0.57 0.47 0.82 0.72 0.57 0.33 0.30 0.79 0.71 0.48 0.82 0.00 0.51 0.73 0.45 0.62 0.51 0.62 0.45
Tebul_Ure  0.97 0.56 0.54 0.77 0.65 0.60 0.58 0.55 0.72 0.57 0.51 0.76 0.51 0.00 0.70 0.63 0.58 0.70 0.46 0.54
Tiranige   0.97 0.75 0.74 0.66 0.65 0.74 0.77 0.76 0.60 0.60 0.72 0.63 0.73 0.70 0.00 0.77 0.73 0.79 0.65 0.73
Togo_Kan   0.97 0.71 0.66 0.83 0.71 0.55 0.42 0.42 0.79 0.76 0.65 0.82 0.45 0.63 0.77 0.00 0.61 0.63 0.69 0.47
Tommo_So   0.98 0.73 0.70 0.80 0.64 0.38 0.64 0.62 0.75 0.70 0.70 0.78 0.62 0.58 0.73 0.61 0.00 0.68 0.62 0.43
Toro_Tegu  0.98 0.65 0.63 0.86 0.79 0.67 0.51 0.54 0.85 0.79 0.61 0.86 0.51 0.70 0.79 0.63 0.68 0.00 0.73 0.64
Yanda_Dom  0.98 0.66 0.65 0.77 0.59 0.66 0.69 0.69 0.73 0.51 0.59 0.75 0.62 0.46 0.65 0.69 0.62 0.73 0.00 0.62
Yorno_So   0.96 0.67 0.64 0.83 0.68 0.43 0.52 0.50 0.79 0.73 0.62 0.80 0.45 0.54 0.73 0.47 0.43 0.64 0.62 0.00
